

param nNodes := 200;


set arcs :=
(1,102)
(1,171)
(1,101)
(1,165)
(1,151)
(1,187)
(1,189)
(1,166)
(1,182)
(1,112)
(1,154)
(1,160)
(1,186)
(1,126)
(1,132)
(1,197)
(2,181)
(2,155)
(2,152)
(2,166)
(2,184)
(2,164)
(2,167)
(2,180)
(2,157)
(2,120)
(2,159)
(2,119)
(2,111)
(2,146)
(2,145)
(3,166)
(3,180)
(3,106)
(3,119)
(3,145)
(3,120)
(3,103)
(3,130)
(3,157)
(3,175)
(4,119)
(4,134)
(4,199)
(4,104)
(4,158)
(4,139)
(4,113)
(4,174)
(4,179)
(4,103)
(4,144)
(4,169)
(4,130)
(4,197)
(4,175)
(5,158)
(5,102)
(5,155)
(5,125)
(6,106)
(6,120)
(6,192)
(6,176)
(6,121)
(6,102)
(6,167)
(6,152)
(6,124)
(6,108)
(6,184)
(6,195)
(6,149)
(6,140)
(6,169)
(6,127)
(6,134)
(6,173)
(6,183)
(7,198)
(7,102)
(7,170)
(7,199)
(8,180)
(8,129)
(8,170)
(8,177)
(8,106)
(8,134)
(8,183)
(8,159)
(8,164)
(9,140)
(9,159)
(9,182)
(9,193)
(9,125)
(9,198)
(9,169)
(9,195)
(9,146)
(9,126)
(9,197)
(9,192)
(9,109)
(9,106)
(9,138)
(9,123)
(9,163)
(9,104)
(9,139)
(10,143)
(10,175)
(10,165)
(10,126)
(10,101)
(10,153)
(10,149)
(10,140)
(10,145)
(10,141)
(10,176)
(10,113)
(11,124)
(11,176)
(11,177)
(11,107)
(11,139)
(11,188)
(11,134)
(11,169)
(11,109)
(11,165)
(11,149)
(11,175)
(11,130)
(11,152)
(11,145)
(11,138)
(11,122)
(11,146)
(11,112)
(11,160)
(11,128)
(11,194)
(11,168)
(11,102)
(11,101)
(12,117)
(12,172)
(12,183)
(12,105)
(12,163)
(12,198)
(12,114)
(12,174)
(12,147)
(12,101)
(12,120)
(12,144)
(12,191)
(12,161)
(12,185)
(13,163)
(13,141)
(13,122)
(13,169)
(13,151)
(13,162)
(13,131)
(13,167)
(13,133)
(13,175)
(13,112)
(13,179)
(13,142)
(13,199)
(14,148)
(14,163)
(14,143)
(14,140)
(14,161)
(14,146)
(14,118)
(14,169)
(14,187)
(14,166)
(14,155)
(14,186)
(14,111)
(14,193)
(14,120)
(14,152)
(14,126)
(14,165)
(14,199)
(14,153)
(14,130)
(15,186)
(15,148)
(15,187)
(15,134)
(15,115)
(15,146)
(15,189)
(15,138)
(15,184)
(15,110)
(15,165)
(15,103)
(16,130)
(16,176)
(16,199)
(16,198)
(16,194)
(16,155)
(16,190)
(16,135)
(16,195)
(16,131)
(16,171)
(17,144)
(17,157)
(17,176)
(17,158)
(17,129)
(17,160)
(17,156)
(17,182)
(17,139)
(17,162)
(17,138)
(17,143)
(17,173)
(17,166)
(17,105)
(18,158)
(18,197)
(18,184)
(18,161)
(18,199)
(18,155)
(19,158)
(19,190)
(19,159)
(19,117)
(19,109)
(19,140)
(19,128)
(20,159)
(20,185)
(20,148)
(20,171)
(20,144)
(20,186)
(20,187)
(20,172)
(20,110)
(20,149)
(20,101)
(20,157)
(20,178)
(20,135)
(20,106)
(20,128)
(20,121)
(20,194)
(21,111)
(21,105)
(21,134)
(21,108)
(21,126)
(21,103)
(21,142)
(21,183)
(21,172)
(21,123)
(21,117)
(21,114)
(21,101)
(21,113)
(21,165)
(21,163)
(21,153)
(21,170)
(21,129)
(21,152)
(21,198)
(22,152)
(22,142)
(22,176)
(22,126)
(22,188)
(22,177)
(22,186)
(22,127)
(22,171)
(22,156)
(22,130)
(22,112)
(22,155)
(23,193)
(23,129)
(23,114)
(23,126)
(23,199)
(23,128)
(23,181)
(23,155)
(23,197)
(23,151)
(23,111)
(23,175)
(23,102)
(23,139)
(23,104)
(23,156)
(23,108)
(23,110)
(23,124)
(23,131)
(23,141)
(24,183)
(24,149)
(24,117)
(24,166)
(24,184)
(24,153)
(24,114)
(24,198)
(24,105)
(24,139)
(24,174)
(24,197)
(24,195)
(24,176)
(24,181)
(24,101)
(25,152)
(25,140)
(25,126)
(25,196)
(25,165)
(25,151)
(25,112)
(25,191)
(25,178)
(25,167)
(25,163)
(25,185)
(25,129)
(25,123)
(25,177)
(25,116)
(25,139)
(25,125)
(26,139)
(26,182)
(26,189)
(26,190)
(26,180)
(26,124)
(26,184)
(26,154)
(27,143)
(27,117)
(27,180)
(27,129)
(27,193)
(27,173)
(27,195)
(27,142)
(27,131)
(27,153)
(28,188)
(28,111)
(28,158)
(28,161)
(28,130)
(28,168)
(28,160)
(29,101)
(29,157)
(29,149)
(29,112)
(29,164)
(29,199)
(29,180)
(29,165)
(29,178)
(29,118)
(29,169)
(29,125)
(29,150)
(29,160)
(29,141)
(29,187)
(29,158)
(29,144)
(29,129)
(29,190)
(30,185)
(30,134)
(30,122)
(31,159)
(31,105)
(31,153)
(31,160)
(31,111)
(31,136)
(31,125)
(31,181)
(31,119)
(31,127)
(31,124)
(31,104)
(31,179)
(31,167)
(31,112)
(31,120)
(31,114)
(32,173)
(32,145)
(32,113)
(32,182)
(32,119)
(32,196)
(32,129)
(32,116)
(32,178)
(32,167)
(33,194)
(33,127)
(33,174)
(33,175)
(33,138)
(33,115)
(33,107)
(33,104)
(33,190)
(33,151)
(33,182)
(33,161)
(33,173)
(33,154)
(33,156)
(33,114)
(33,153)
(33,169)
(33,164)
(33,110)
(34,139)
(34,183)
(34,178)
(34,163)
(34,109)
(34,172)
(34,112)
(34,196)
(34,148)
(34,142)
(34,174)
(34,123)
(34,145)
(34,162)
(34,166)
(34,133)
(34,115)
(34,151)
(34,171)
(34,137)
(35,143)
(35,123)
(35,112)
(35,149)
(35,132)
(35,172)
(35,117)
(35,131)
(35,106)
(36,175)
(36,121)
(36,197)
(36,116)
(36,180)
(36,128)
(36,151)
(36,174)
(36,146)
(36,193)
(36,156)
(36,138)
(36,191)
(36,167)
(36,140)
(36,103)
(36,190)
(36,165)
(36,109)
(36,110)
(36,199)
(36,133)
(37,174)
(37,155)
(37,114)
(37,115)
(37,105)
(37,183)
(37,108)
(37,151)
(37,148)
(37,102)
(37,109)
(37,169)
(37,128)
(37,131)
(37,166)
(37,103)
(37,189)
(37,147)
(37,138)
(37,163)
(37,173)
(38,134)
(38,145)
(38,165)
(38,123)
(38,185)
(38,176)
(38,198)
(38,144)
(38,121)
(38,171)
(38,136)
(38,197)
(38,179)
(38,149)
(38,178)
(38,174)
(38,164)
(38,112)
(38,196)
(38,186)
(38,106)
(38,162)
(38,181)
(38,118)
(39,157)
(39,175)
(39,178)
(39,142)
(39,102)
(39,121)
(39,120)
(39,115)
(39,187)
(39,117)
(40,107)
(40,136)
(40,103)
(40,167)
(40,129)
(40,112)
(40,104)
(40,178)
(40,116)
(40,153)
(40,171)
(40,120)
(40,175)
(40,137)
(40,177)
(40,157)
(41,181)
(41,195)
(41,188)
(41,129)
(41,191)
(41,116)
(41,122)
(41,130)
(41,170)
(41,190)
(41,174)
(41,154)
(41,160)
(41,126)
(41,196)
(42,192)
(42,132)
(42,146)
(42,115)
(42,136)
(42,143)
(42,121)
(42,189)
(43,173)
(43,177)
(43,190)
(43,106)
(43,183)
(43,184)
(43,149)
(43,138)
(43,129)
(43,159)
(43,191)
(43,114)
(43,187)
(43,101)
(44,136)
(44,187)
(44,163)
(44,164)
(44,185)
(44,161)
(44,108)
(44,142)
(45,153)
(45,131)
(45,143)
(45,103)
(45,118)
(45,197)
(45,102)
(45,178)
(45,145)
(45,148)
(45,137)
(45,101)
(45,166)
(45,136)
(45,156)
(45,117)
(45,130)
(45,167)
(45,112)
(45,189)
(45,110)
(45,104)
(45,191)
(45,199)
(46,105)
(46,101)
(46,155)
(46,118)
(46,125)
(46,102)
(46,116)
(46,117)
(46,160)
(46,111)
(46,154)
(46,167)
(47,183)
(47,185)
(47,132)
(47,110)
(47,126)
(47,149)
(47,148)
(47,172)
(47,167)
(47,188)
(47,191)
(47,147)
(47,195)
(47,154)
(48,127)
(48,184)
(48,188)
(48,169)
(48,105)
(48,193)
(48,158)
(48,153)
(48,111)
(48,125)
(48,166)
(49,147)
(49,167)
(49,114)
(50,136)
(50,144)
(50,124)
(50,103)
(50,132)
(50,105)
(50,109)
(50,185)
(50,171)
(50,172)
(50,137)
(50,146)
(50,164)
(50,128)
(50,192)
(50,162)
(50,139)
(50,168)
(50,163)
(50,160)
(50,154)
(51,198)
(51,113)
(51,119)
(51,121)
(51,126)
(51,108)
(51,164)
(51,179)
(51,151)
(51,152)
(51,191)
(51,120)
(51,175)
(51,184)
(51,109)
(52,103)
(52,168)
(52,166)
(52,107)
(52,185)
(52,105)
(52,187)
(52,177)
(52,161)
(52,183)
(52,133)
(52,148)
(52,155)
(52,152)
(52,120)
(52,198)
(52,149)
(52,109)
(52,181)
(52,170)
(52,122)
(53,127)
(53,171)
(53,153)
(53,184)
(53,131)
(53,176)
(53,141)
(53,159)
(54,184)
(54,137)
(54,134)
(54,106)
(55,158)
(55,103)
(55,105)
(55,141)
(55,198)
(55,136)
(55,111)
(55,152)
(55,147)
(55,133)
(55,188)
(55,102)
(55,140)
(55,195)
(55,183)
(55,199)
(55,193)
(56,162)
(56,104)
(56,146)
(56,115)
(56,181)
(56,142)
(56,164)
(56,168)
(56,153)
(56,151)
(56,187)
(56,160)
(57,173)
(57,111)
(57,183)
(57,169)
(57,146)
(57,192)
(58,150)
(58,183)
(58,148)
(58,111)
(58,129)
(58,196)
(58,102)
(58,101)
(59,120)
(59,181)
(59,155)
(59,156)
(59,194)
(59,148)
(59,198)
(59,130)
(59,184)
(59,132)
(59,101)
(59,186)
(59,179)
(59,188)
(59,173)
(59,102)
(59,196)
(59,195)
(59,182)
(59,127)
(60,140)
(60,125)
(60,112)
(60,139)
(60,135)
(60,113)
(60,173)
(60,114)
(60,148)
(60,105)
(60,137)
(60,176)
(60,144)
(60,158)
(60,142)
(60,199)
(60,181)
(60,183)
(60,129)
(60,182)
(61,189)
(61,198)
(61,124)
(61,163)
(61,190)
(61,176)
(61,147)
(61,160)
(61,164)
(61,112)
(61,156)
(62,104)
(62,190)
(62,162)
(62,191)
(62,108)
(62,165)
(62,147)
(62,169)
(62,125)
(62,102)
(62,117)
(62,149)
(62,133)
(62,172)
(62,131)
(62,112)
(62,196)
(62,157)
(63,111)
(63,195)
(63,112)
(63,115)
(63,174)
(63,126)
(63,117)
(64,144)
(64,164)
(64,171)
(64,119)
(64,136)
(64,197)
(64,155)
(64,133)
(64,138)
(64,127)
(64,161)
(64,118)
(64,169)
(64,116)
(64,158)
(64,148)
(64,145)
(64,174)
(64,114)
(64,181)
(64,113)
(65,132)
(65,177)
(65,199)
(65,179)
(65,136)
(65,130)
(65,168)
(65,111)
(65,124)
(65,106)
(66,115)
(66,104)
(66,130)
(66,163)
(67,153)
(67,164)
(67,179)
(67,193)
(67,107)
(67,110)
(67,176)
(68,189)
(68,117)
(68,102)
(68,147)
(68,125)
(68,196)
(68,128)
(68,145)
(68,152)
(68,112)
(69,169)
(69,180)
(69,147)
(69,119)
(69,123)
(69,128)
(69,178)
(69,109)
(70,104)
(70,161)
(70,160)
(70,164)
(70,101)
(70,151)
(70,182)
(70,189)
(70,176)
(70,118)
(70,135)
(70,163)
(70,147)
(70,145)
(70,177)
(71,189)
(71,176)
(71,168)
(71,171)
(71,106)
(71,180)
(71,117)
(71,120)
(72,114)
(72,155)
(72,125)
(72,193)
(72,142)
(72,143)
(72,126)
(72,122)
(72,144)
(72,149)
(72,169)
(72,191)
(72,102)
(72,112)
(72,135)
(73,149)
(73,135)
(73,126)
(73,163)
(73,181)
(73,183)
(73,137)
(73,108)
(73,157)
(73,189)
(73,193)
(73,133)
(74,179)
(74,165)
(74,143)
(74,185)
(74,122)
(74,153)
(74,171)
(74,119)
(74,199)
(74,142)
(74,157)
(74,133)
(74,149)
(74,131)
(74,170)
(74,155)
(74,160)
(74,186)
(74,156)
(74,115)
(74,178)
(75,158)
(75,118)
(75,183)
(75,136)
(75,114)
(75,187)
(75,139)
(76,154)
(76,108)
(76,177)
(76,164)
(77,112)
(77,135)
(77,174)
(77,163)
(77,115)
(77,148)
(77,151)
(77,122)
(77,171)
(77,185)
(77,159)
(77,186)
(77,192)
(77,189)
(77,126)
(77,187)
(77,101)
(77,168)
(78,130)
(78,181)
(78,174)
(78,157)
(78,153)
(78,193)
(78,191)
(78,167)
(78,187)
(78,180)
(78,140)
(78,123)
(78,136)
(78,114)
(78,185)
(78,179)
(78,163)
(78,176)
(78,113)
(78,120)
(79,129)
(79,117)
(79,112)
(79,163)
(79,134)
(79,151)
(79,141)
(79,195)
(79,148)
(80,163)
(80,115)
(80,176)
(80,154)
(80,129)
(80,190)
(80,110)
(80,172)
(80,179)
(80,194)
(80,193)
(80,105)
(80,153)
(80,151)
(80,141)
(80,127)
(80,186)
(80,103)
(80,147)
(81,176)
(81,104)
(81,148)
(81,117)
(81,168)
(81,183)
(81,109)
(81,136)
(81,113)
(81,194)
(81,131)
(81,120)
(81,112)
(81,163)
(81,167)
(81,192)
(81,199)
(81,114)
(82,155)
(82,149)
(82,131)
(82,164)
(82,123)
(82,192)
(82,109)
(82,183)
(82,199)
(82,106)
(82,140)
(82,139)
(82,198)
(82,132)
(83,134)
(83,148)
(83,137)
(83,187)
(83,158)
(83,109)
(83,189)
(83,104)
(83,142)
(84,122)
(84,155)
(84,197)
(84,162)
(85,120)
(85,141)
(85,116)
(85,117)
(85,178)
(85,105)
(85,111)
(85,119)
(85,128)
(85,168)
(85,172)
(85,109)
(85,197)
(86,139)
(86,168)
(86,157)
(86,162)
(87,103)
(87,152)
(87,169)
(87,146)
(87,166)
(87,199)
(87,148)
(87,104)
(87,141)
(87,107)
(87,131)
(87,114)
(87,191)
(87,132)
(87,185)
(88,139)
(88,144)
(88,197)
(89,184)
(89,179)
(89,161)
(89,176)
(89,126)
(89,187)
(89,102)
(89,173)
(89,181)
(89,129)
(89,162)
(90,187)
(90,153)
(90,192)
(90,141)
(90,165)
(90,102)
(90,125)
(90,158)
(90,198)
(90,111)
(90,138)
(90,180)
(90,186)
(90,178)
(90,177)
(90,106)
(90,196)
(90,163)
(91,113)
(91,127)
(91,146)
(91,182)
(91,196)
(91,116)
(92,191)
(92,166)
(92,197)
(93,136)
(93,129)
(93,170)
(93,124)
(93,137)
(93,115)
(93,110)
(93,101)
(93,150)
(93,104)
(93,193)
(93,105)
(93,166)
(94,169)
(94,141)
(94,180)
(94,176)
(94,124)
(94,122)
(94,166)
(94,165)
(94,154)
(94,170)
(94,177)
(94,114)
(94,164)
(94,189)
(94,110)
(94,109)
(94,116)
(94,133)
(94,156)
(95,157)
(95,116)
(95,194)
(95,132)
(95,134)
(95,136)
(95,144)
(95,156)
(95,124)
(95,146)
(95,126)
(95,140)
(95,183)
(95,163)
(95,145)
(96,156)
(96,129)
(96,123)
(96,169)
(96,142)
(96,124)
(96,184)
(97,182)
(97,130)
(97,170)
(97,174)
(97,151)
(97,141)
(97,126)
(97,155)
(97,149)
(97,108)
(97,131)
(97,154)
(97,172)
(97,123)
(97,128)
(97,121)
(97,157)
(97,165)
(97,156)
(97,106)
(97,105)
(97,122)
(97,107)
(98,131)
(98,196)
(98,113)
(98,177)
(98,119)
(98,188)
(98,130)
(98,120)
(98,152)
(98,104)
(98,108)
(98,117)
(98,171)
(99,105)
(99,109)
(99,114)
(99,112)
(99,187)
(99,199)
(99,167)
(99,129)
(100,184)
(100,150)
(100,110)
(100,126)
(100,128)
(100,133)
(100,138)
(100,146)
(100,151)
(100,160)
(100,170)
(100,178)
(100,199)
(100,200)

;



param nodeVal := 

1 286
2 671
3 605
4 195
5 1287
6 497
7 149
8 660
9 676
10 1338
11 222
12 738
13 1819
14 1857
15 1749
16 1479
17 154
18 1897
19 707
20 367
21 917
22 410
23 1000
24 770
25 1122
26 1895
27 1501
28 514
29 2227
30 913
31 947
32 2260
33 996
34 986
35 125
36 362
37 706
38 1262
39 389
40 1410
41 758
42 2189
43 531
44 527
45 2028
46 1710
47 1196
48 832
49 73
50 1269
51 1485
52 1174
53 1325
54 2136
55 852
56 301
57 707
58 807
59 1242
60 1739
61 1225
62 94
63 989
64 1641
65 805
66 236
67 1520
68 1421
69 936
70 100
71 952
72 501
73 1858
74 1563
75 186
76 1307
77 626
78 1032
79 939
80 1159
81 904
82 1332
83 1280
84 2080
85 1260
86 512
87 191
88 309
89 1053
90 1070
91 656
92 1155
93 493
94 1135
95 1199
96 1914
97 677
98 192
99 914
100 1638
101 -1827
102 -1234
103 -903
104 -1166
105 -2594
106 -10
107 -710
108 -1074
109 -686
110 -147
111 -955
112 -535
113 -1118
114 -381
115 -297
116 -599
117 -1534
118 -160
119 -114
120 -1633
121 -195
122 -689
123 -62
124 -111
125 -869
126 -84
127 -2074
128 -31
129 -1851
130 -1720
131 -754
132 -2739
133 -155
134 -3154
135 -572
136 -2372
137 -321
138 -86
139 -1687
140 -1346
141 -2465
142 -388
143 -1861
144 -971
145 -628
146 -187
147 -26
148 -1975
149 -2424
150 -574
151 -163
152 -1126
153 -2865
154 -233
155 -2837
156 -1209
157 -2017
158 -2228
159 -740
160 -290
161 -9
162 -151
163 -2922
164 -1405
165 -374
166 -880
167 -47
168 -865
169 -728
170 -103
171 -616
172 -318
173 -2548
174 -353
175 -937
176 -1012
177 -504
178 -39
179 -1897
180 -1130
181 -1971
182 -1941
183 -1758
184 -2284
185 -998
186 -875
187 -1083
188 -257
189 -2394
190 -351
191 -578
192 -53
193 -223
194 -869
195 -1088
196 -96
197 -755
198 -1577
199 -131
200 -124

;


param arcCost :=
1 102 8550
1 171 7415
1 101 7178
1 165 4494
1 151 6289
1 187 1281
1 189 6859
1 166 8963
1 182 1704
1 112 6045
1 154 5938
1 160 8099
1 186 3667
1 126 6885
1 132 1207
1 197 7041
2 181 8581
2 155 4218
2 152 9984
2 166 7839
2 184 6509
2 164 4037
2 167 3308
2 180 3719
2 157 2558
2 120 1380
2 159 452
2 119 1576
2 111 9029
2 146 3919
2 145 2355
3 166 9197
3 180 5974
3 106 5746
3 119 7933
3 145 8276
3 120 3279
3 103 5734
3 130 5935
3 157 5403
3 175 730
4 119 4678
4 134 752
4 199 6613
4 104 5132
4 158 6946
4 139 5430
4 113 5236
4 174 6554
4 179 4745
4 103 3365
4 144 2841
4 169 743
4 130 1917
4 197 5331
4 175 2557
5 158 8388
5 102 3231
5 155 4091
5 125 7576
6 106 1759
6 120 3707
6 192 2581
6 176 8376
6 121 5426
6 102 895
6 167 8750
6 152 454
6 124 2864
6 108 3204
6 184 8370
6 195 2914
6 149 9326
6 140 7174
6 169 9346
6 127 6898
6 134 8782
6 173 9386
6 183 9188
7 198 1118
7 102 6098
7 170 5021
7 199 6752
8 180 1271
8 129 4668
8 170 7417
8 177 3773
8 106 7995
8 134 4729
8 183 2999
8 159 7149
8 164 4594
9 140 7422
9 159 1784
9 182 7713
9 193 194
9 125 2095
9 198 7925
9 169 2421
9 195 9863
9 146 7451
9 126 858
9 197 4286
9 192 9168
9 109 6058
9 106 9915
9 138 7024
9 123 3551
9 163 5507
9 104 5826
9 139 787
10 143 6434
10 175 5810
10 165 612
10 126 6095
10 101 1609
10 153 4862
10 149 1918
10 140 782
10 145 9166
10 141 846
10 176 2056
10 113 4056
11 124 4877
11 176 683
11 177 4842
11 107 5609
11 139 7808
11 188 2218
11 134 9467
11 169 5894
11 109 8396
11 165 9248
11 149 889
11 175 9202
11 130 4593
11 152 1837
11 145 9058
11 138 3582
11 122 7516
11 146 719
11 112 9082
11 160 6105
11 128 4323
11 194 8202
11 168 8736
11 102 8382
11 101 9503
12 117 3034
12 172 7033
12 183 7235
12 105 2219
12 163 9998
12 198 6881
12 114 8613
12 174 4456
12 147 4762
12 101 2794
12 120 5705
12 144 9694
12 191 1124
12 161 8140
12 185 8678
13 163 854
13 141 3211
13 122 5557
13 169 4912
13 151 9351
13 162 5018
13 131 6210
13 167 1858
13 133 2148
13 175 4424
13 112 8310
13 179 7491
13 142 3439
13 199 7269
14 148 8480
14 163 2274
14 143 2854
14 140 2177
14 161 5688
14 146 7526
14 118 2712
14 169 552
14 187 9060
14 166 248
14 155 5144
14 186 3864
14 111 6005
14 193 4245
14 120 8330
14 152 7421
14 126 142
14 165 3420
14 199 6522
14 153 5961
14 130 5736
15 186 4114
15 148 9833
15 187 8173
15 134 2495
15 115 4604
15 146 2949
15 189 9903
15 138 8139
15 184 7591
15 110 5914
15 165 5669
15 103 3590
16 130 9385
16 176 9727
16 199 9266
16 198 9129
16 194 6915
16 155 5789
16 190 1965
16 135 7619
16 195 6171
16 131 2529
16 171 5969
17 144 9423
17 157 9156
17 176 2918
17 158 7903
17 129 7213
17 160 4253
17 156 8909
17 182 6735
17 139 9549
17 162 7045
17 138 2554
17 143 4064
17 173 5104
17 166 4292
17 105 1842
18 158 9866
18 197 7354
18 184 6383
18 161 1002
18 199 2172
18 155 7750
19 158 7165
19 190 5440
19 159 3536
19 117 3537
19 109 3991
19 140 3108
19 128 7287
20 159 1035
20 185 535
20 148 9177
20 171 2425
20 144 7990
20 186 2564
20 187 2509
20 172 4673
20 110 6121
20 149 8447
20 101 6134
20 157 8659
20 178 6884
20 135 1567
20 106 8015
20 128 4746
20 121 8069
20 194 1385
21 111 4392
21 105 9561
21 134 1551
21 108 5449
21 126 103
21 103 4043
21 142 8749
21 183 4714
21 172 4855
21 123 9136
21 117 9771
21 114 8472
21 101 299
21 113 1446
21 165 4952
21 163 4478
21 153 5954
21 170 279
21 129 6788
21 152 578
21 198 2459
22 152 8855
22 142 829
22 176 6797
22 126 2513
22 188 7332
22 177 3842
22 186 473
22 127 8075
22 171 924
22 156 4585
22 130 9616
22 112 2078
22 155 79
23 193 7025
23 129 4876
23 114 5073
23 126 1821
23 199 7200
23 128 2940
23 181 9911
23 155 3948
23 197 9522
23 151 5662
23 111 6135
23 175 5329
23 102 8364
23 139 6544
23 104 283
23 156 8369
23 108 3491
23 110 6481
23 124 946
23 131 9861
23 141 4976
24 183 2975
24 149 2843
24 117 3594
24 166 1261
24 184 2514
24 153 2271
24 114 7316
24 198 6092
24 105 7868
24 139 8309
24 174 5131
24 197 1045
24 195 845
24 176 5820
24 181 6085
24 101 7898
25 152 4264
25 140 5481
25 126 8929
25 196 3220
25 165 5562
25 151 5705
25 112 830
25 191 5730
25 178 7717
25 167 4126
25 163 3714
25 185 225
25 129 3369
25 123 3660
25 177 2367
25 116 2469
25 139 9779
25 125 1489
26 139 6155
26 182 7651
26 189 707
26 190 7671
26 180 1178
26 124 6625
26 184 1171
26 154 7505
27 143 423
27 117 5685
27 180 6991
27 129 4564
27 193 2539
27 173 7896
27 195 3690
27 142 8270
27 131 2276
27 153 2689
28 188 8418
28 111 1308
28 158 709
28 161 1968
28 130 6317
28 168 8008
28 160 879
29 101 767
29 157 6845
29 149 9061
29 112 281
29 164 5274
29 199 8463
29 180 9707
29 165 7565
29 178 8621
29 118 7437
29 169 9960
29 125 51
29 150 474
29 160 2568
29 141 4219
29 187 731
29 158 2476
29 144 7245
29 129 7548
29 190 3895
30 185 1822
30 134 9893
30 122 1153
31 159 7778
31 105 4967
31 153 3541
31 160 2677
31 111 3222
31 136 3269
31 125 9717
31 181 2325
31 119 8407
31 127 890
31 124 9168
31 104 6356
31 179 9162
31 167 383
31 112 1886
31 120 5326
31 114 3436
32 173 6787
32 145 1839
32 113 3758
32 182 4761
32 119 9817
32 196 9686
32 129 716
32 116 5747
32 178 1074
32 167 8680
33 194 4684
33 127 8502
33 174 7338
33 175 6420
33 138 9551
33 115 4239
33 107 6930
33 104 2172
33 190 8714
33 151 4263
33 182 2765
33 161 5954
33 173 274
33 154 9371
33 156 75
33 114 8067
33 153 2563
33 169 6915
33 164 8577
33 110 3079
34 139 3061
34 183 7251
34 178 8023
34 163 2993
34 109 9045
34 172 5404
34 112 7608
34 196 5449
34 148 2226
34 142 8808
34 174 9183
34 123 9092
34 145 1530
34 162 1288
34 166 388
34 133 1153
34 115 2210
34 151 979
34 171 1136
34 137 4830
35 143 8167
35 123 2401
35 112 4052
35 149 721
35 132 9237
35 172 9679
35 117 1469
35 131 7061
35 106 8448
36 175 8043
36 121 5151
36 197 7643
36 116 5790
36 180 1932
36 128 2477
36 151 5441
36 174 2204
36 146 7937
36 193 1912
36 156 5652
36 138 297
36 191 5116
36 167 8999
36 140 996
36 103 9577
36 190 1154
36 165 3326
36 109 1374
36 110 4679
36 199 134
36 133 9431
37 174 8274
37 155 4671
37 114 5912
37 115 506
37 105 592
37 183 2115
37 108 4928
37 151 4240
37 148 3234
37 102 8815
37 109 2968
37 169 6360
37 128 2348
37 131 6860
37 166 63
37 103 6161
37 189 4195
37 147 2127
37 138 7864
37 163 8904
37 173 1849
38 134 4026
38 145 2413
38 165 9230
38 123 6347
38 185 7621
38 176 6322
38 198 6454
38 144 5084
38 121 4462
38 171 5174
38 136 7419
38 197 7167
38 179 8980
38 149 7865
38 178 8248
38 174 6791
38 164 2361
38 112 2817
38 196 4887
38 186 9293
38 106 8175
38 162 8814
38 181 6761
38 118 7130
39 157 2168
39 175 5692
39 178 824
39 142 8831
39 102 8242
39 121 4162
39 120 658
39 115 451
39 187 7287
39 117 920
40 107 9440
40 136 9931
40 103 2181
40 167 3325
40 129 2074
40 112 8163
40 104 7518
40 178 8993
40 116 5561
40 153 1486
40 171 2580
40 120 9790
40 175 3030
40 137 7218
40 177 3087
40 157 4168
41 181 2843
41 195 38
41 188 5970
41 129 9147
41 191 6004
41 116 641
41 122 4426
41 130 9454
41 170 6046
41 190 4061
41 174 2125
41 154 5084
41 160 6356
41 126 5929
41 196 5812
42 192 517
42 132 9462
42 146 9442
42 115 897
42 136 1010
42 143 5852
42 121 1511
42 189 8165
43 173 8839
43 177 7059
43 190 5703
43 106 2300
43 183 8036
43 184 3295
43 149 47
43 138 8879
43 129 6876
43 159 2735
43 191 5062
43 114 9343
43 187 7699
43 101 6528
44 136 4162
44 187 2697
44 163 5418
44 164 398
44 185 4266
44 161 1979
44 108 290
44 142 6228
45 153 7269
45 131 9755
45 143 2025
45 103 8690
45 118 2138
45 197 5449
45 102 1992
45 178 8724
45 145 3579
45 148 3401
45 137 6512
45 101 4089
45 166 9039
45 136 3125
45 156 9040
45 117 9017
45 130 7846
45 167 5795
45 112 4049
45 189 5361
45 110 3463
45 104 2703
45 191 4933
45 199 453
46 105 2727
46 101 5811
46 155 4784
46 118 8390
46 125 1868
46 102 1061
46 116 6477
46 117 9105
46 160 8012
46 111 1797
46 154 3602
46 167 7643
47 183 3875
47 185 6570
47 132 4893
47 110 8941
47 126 7755
47 149 2372
47 148 9010
47 172 6363
47 167 8364
47 188 3388
47 191 9257
47 147 5413
47 195 5203
47 154 8479
48 127 4388
48 184 2303
48 188 5084
48 169 7676
48 105 2852
48 193 690
48 158 417
48 153 5
48 111 3129
48 125 2579
48 166 5544
49 147 7701
49 167 1900
49 114 233
50 136 3386
50 144 5104
50 124 3836
50 103 9195
50 132 9972
50 105 9808
50 109 7794
50 185 1427
50 171 861
50 172 8095
50 137 1247
50 146 1390
50 164 7230
50 128 6607
50 192 536
50 162 8900
50 139 4048
50 168 866
50 163 3045
50 160 5860
50 154 3524
51 198 8797
51 113 7824
51 119 6822
51 121 906
51 126 5758
51 108 482
51 164 7309
51 179 140
51 151 3541
51 152 4888
51 191 7396
51 120 450
51 175 164
51 184 2982
51 109 1592
52 103 5867
52 168 9405
52 166 1851
52 107 8869
52 185 8713
52 105 4844
52 187 5453
52 177 663
52 161 5850
52 183 4625
52 133 3978
52 148 9864
52 155 1239
52 152 1119
52 120 7484
52 198 1265
52 149 9158
52 109 8778
52 181 8651
52 170 5148
52 122 6264
53 127 6883
53 171 6015
53 153 1067
53 184 4740
53 131 2021
53 176 3635
53 141 6086
53 159 4074
54 184 9056
54 137 1830
54 134 1633
54 106 7750
55 158 8771
55 103 9981
55 105 4340
55 141 1298
55 198 2025
55 136 7016
55 111 9926
55 152 7367
55 147 7000
55 133 2114
55 188 6509
55 102 7100
55 140 9075
55 195 2705
55 183 3775
55 199 9215
55 193 2312
56 162 3207
56 104 2760
56 146 129
56 115 6086
56 181 8352
56 142 5707
56 164 8547
56 168 2167
56 153 2387
56 151 6697
56 187 3439
56 160 5918
57 173 1494
57 111 3886
57 183 8402
57 169 9896
57 146 376
57 192 5247
58 150 9423
58 183 9465
58 148 3885
58 111 4529
58 129 4093
58 196 3619
58 102 4690
58 101 9365
59 120 9651
59 181 1323
59 155 4233
59 156 6044
59 194 7289
59 148 1133
59 198 3136
59 130 4275
59 184 5271
59 132 4958
59 101 705
59 186 576
59 179 6456
59 188 5973
59 173 3298
59 102 125
59 196 6596
59 195 2748
59 182 5207
59 127 2055
60 140 198
60 125 5868
60 112 1114
60 139 6263
60 135 7430
60 113 9681
60 173 4299
60 114 3324
60 148 6396
60 105 8471
60 137 6050
60 176 1898
60 144 7048
60 158 1960
60 142 808
60 199 6892
60 181 9745
60 183 4567
60 129 8038
60 182 4638
61 189 622
61 198 2853
61 124 5593
61 163 5273
61 190 7555
61 176 5610
61 147 3824
61 160 2776
61 164 611
61 112 3067
61 156 7410
62 104 2965
62 190 5531
62 162 951
62 191 9851
62 108 2837
62 165 9780
62 147 2541
62 169 9168
62 125 3518
62 102 6357
62 117 7423
62 149 6295
62 133 3556
62 172 2760
62 131 1038
62 112 8003
62 196 5587
62 157 7749
63 111 2883
63 195 5347
63 112 5677
63 115 7834
63 174 112
63 126 6624
63 117 6148
64 144 6266
64 164 4807
64 171 3160
64 119 1438
64 136 7963
64 197 2673
64 155 5421
64 133 5839
64 138 1274
64 127 1906
64 161 1934
64 118 2475
64 169 6793
64 116 1502
64 158 9432
64 148 5157
64 145 2663
64 174 5351
64 114 390
64 181 6721
64 113 521
65 132 983
65 177 277
65 199 8990
65 179 7885
65 136 3413
65 130 751
65 168 9573
65 111 1534
65 124 3928
65 106 3456
66 115 3992
66 104 5112
66 130 7285
66 163 3213
67 153 5367
67 164 992
67 179 3091
67 193 6000
67 107 2802
67 110 6027
67 176 1881
68 189 8212
68 117 5853
68 102 1766
68 147 9440
68 125 4494
68 196 2219
68 128 8093
68 145 1500
68 152 7419
68 112 357
69 169 7598
69 180 4870
69 147 5253
69 119 1569
69 123 2218
69 128 3191
69 178 3243
69 109 2712
70 104 3090
70 161 8413
70 160 5623
70 164 4675
70 101 3196
70 151 6580
70 182 2231
70 189 4394
70 176 7897
70 118 2776
70 135 1215
70 163 3973
70 147 6983
70 145 9550
70 177 9000
71 189 9496
71 176 7401
71 168 3386
71 171 857
71 106 1626
71 180 4392
71 117 1387
71 120 2961
72 114 1334
72 155 1601
72 125 4500
72 193 6333
72 142 2443
72 143 6087
72 126 3103
72 122 7043
72 144 2262
72 149 8288
72 169 7041
72 191 1744
72 102 800
72 112 6299
72 135 4666
73 149 7120
73 135 4142
73 126 4345
73 163 2025
73 181 6997
73 183 4271
73 137 1721
73 108 8579
73 157 3323
73 189 7748
73 193 2716
73 133 7771
74 179 6114
74 165 2864
74 143 8298
74 185 25
74 122 6212
74 153 3894
74 171 4548
74 119 118
74 199 993
74 142 450
74 157 239
74 133 4863
74 149 6706
74 131 6898
74 170 3870
74 155 1070
74 160 8776
74 186 1287
74 156 168
74 115 9426
74 178 8333
75 158 8894
75 118 5751
75 183 701
75 136 7606
75 114 6108
75 187 1344
75 139 6359
76 154 2123
76 108 8824
76 177 7541
76 164 2126
77 112 4554
77 135 1530
77 174 8435
77 163 2591
77 115 2699
77 148 1129
77 151 3926
77 122 5591
77 171 485
77 185 3582
77 159 6813
77 186 9253
77 192 8683
77 189 2594
77 126 3857
77 187 4829
77 101 3127
77 168 9562
78 130 4773
78 181 8278
78 174 9425
78 157 960
78 153 6664
78 193 1091
78 191 1146
78 167 2079
78 187 7846
78 180 6890
78 140 3681
78 123 9889
78 136 2581
78 114 8237
78 185 7211
78 179 2871
78 163 9106
78 176 613
78 113 6406
78 120 2646
79 129 9500
79 117 642
79 112 4390
79 163 8981
79 134 692
79 151 9675
79 141 9335
79 195 592
79 148 9350
80 163 7627
80 115 1213
80 176 6650
80 154 1461
80 129 5116
80 190 8975
80 110 6622
80 172 5146
80 179 9326
80 194 9545
80 193 9695
80 105 6431
80 153 8063
80 151 268
80 141 3870
80 127 7778
80 186 1408
80 103 8091
80 147 7096
81 176 5892
81 104 9989
81 148 2980
81 117 4901
81 168 7736
81 183 2080
81 109 4254
81 136 4219
81 113 599
81 194 945
81 131 6901
81 120 8066
81 112 6948
81 163 290
81 167 3149
81 192 3799
81 199 9046
81 114 3217
82 155 1806
82 149 8452
82 131 9547
82 164 6171
82 123 746
82 192 7626
82 109 6452
82 183 6875
82 199 9335
82 106 8829
82 140 4045
82 139 1519
82 198 8376
82 132 1494
83 134 8175
83 148 9715
83 137 5879
83 187 6419
83 158 8364
83 109 1339
83 189 3531
83 104 8448
83 142 7624
84 122 9325
84 155 6505
84 197 2423
84 162 7925
85 120 5058
85 141 7909
85 116 744
85 117 3459
85 178 6907
85 105 5893
85 111 5745
85 119 5858
85 128 2066
85 168 3736
85 172 7023
85 109 4184
85 197 5602
86 139 7483
86 168 3950
86 157 9064
86 162 2213
87 103 2133
87 152 4604
87 169 5604
87 146 2714
87 166 5340
87 199 5069
87 148 9419
87 104 9528
87 141 9671
87 107 7085
87 131 4186
87 114 2238
87 191 2804
87 132 1397
87 185 9858
88 139 2066
88 144 892
88 197 5596
89 184 9075
89 179 4975
89 161 2205
89 176 7314
89 126 6811
89 187 8180
89 102 7763
89 173 8398
89 181 7363
89 129 7490
89 162 8354
90 187 7647
90 153 5311
90 192 2193
90 141 4888
90 165 8780
90 102 5458
90 125 7208
90 158 1113
90 198 6401
90 111 1515
90 138 3238
90 180 3045
90 186 3
90 178 8749
90 177 1632
90 106 4327
90 196 470
90 163 7911
91 113 8296
91 127 2971
91 146 3356
91 182 2580
91 196 8202
91 116 3104
92 191 8165
92 166 2242
92 197 9395
93 136 8664
93 129 7802
93 170 4699
93 124 5870
93 137 9775
93 115 7499
93 110 9601
93 101 9002
93 150 9882
93 104 1079
93 193 7464
93 105 7327
93 166 1808
94 169 7589
94 141 2981
94 180 9358
94 176 8554
94 124 2707
94 122 7508
94 166 3171
94 165 9695
94 154 8485
94 170 2444
94 177 3552
94 114 6951
94 164 6526
94 189 8986
94 110 4338
94 109 2554
94 116 7506
94 133 1605
94 156 9888
95 157 8289
95 116 1995
95 194 8381
95 132 7280
95 134 6754
95 136 1773
95 144 9910
95 156 1163
95 124 9214
95 146 6315
95 126 2269
95 140 637
95 183 924
95 163 8392
95 145 8797
96 156 6213
96 129 7538
96 123 8516
96 169 3383
96 142 2851
96 124 8365
96 184 4157
97 182 3135
97 130 3328
97 170 5735
97 174 2525
97 151 5910
97 141 4351
97 126 8844
97 155 629
97 149 9449
97 108 422
97 131 775
97 154 9304
97 172 5967
97 123 793
97 128 7372
97 121 835
97 157 690
97 165 1889
97 156 2855
97 106 3640
97 105 9742
97 122 9646
97 107 3286
98 131 9078
98 196 5946
98 113 9995
98 177 825
98 119 7372
98 188 2749
98 130 7285
98 120 7653
98 152 3129
98 104 9652
98 108 7514
98 117 7705
98 171 1725
99 105 5557
99 109 5355
99 114 8765
99 112 100
99 187 8348
99 199 419
99 167 2556
99 129 196
100 184 5607
100 150 749
100 110 2973
100 126 9347
100 128 3349
100 133 3154
100 138 8997
100 146 4125
100 151 8931
100 160 1750
100 170 5508
100 178 1772
100 199 9538
100 200 3509

;